A = [4, -1, 0 -2, 2; 
    -1, 0, 0, 1, 3; 
    0, 0, 0, 4, 0; 
    -2, 1, 4, 0, 0; 
    2, 3, 0, 0, 0];

b = [0;0;-1;-4;0];

A\b